1,117.3135839,31.714999
2,117.3055822,31.71500912
3,117.3095289,31.71496168
4,117.2811742,31.7150766
5,117.2856386,31.71504236
6,117.2802215,31.71508046
8,117.269887,31.71507911
9,117.2705133,31.71509928
11,117.2751644,31.71507042
13,117.3050011,31.71511676
14,117.2939516,31.71510091
15,117.292144,31.71511965
16,117.2757748,31.71512688
21,117.2651906,31.71514314
23,117.289679,31.7151452
25,117.2891693,31.71514686
27,117.2888692,31.71514933
28,117.2863696,31.71516983
33,117.3095293,31.71517911
34,117.3135873,31.71519165
38,117.3055773,31.71521061
43,117.2856473,31.71523641
45,117.2811729,31.71527082
48,117.2943727,31.7152903
50,117.2651906,31.71529528
53,117.2698937,31.71529571
56,117.2802223,31.71529652
58,117.2757755,31.71531191
63,117.2705176,31.7153284
65,117.2967564,31.71534055
67,117.2751672,31.71534833
70,117.2894533,31.71537069
73,117.2891732,31.71537576
76,117.3141462,31.7153861
78,117.3138715,31.71538784
81,117.3136402,31.7153893
85,117.3051882,31.71539541
87,117.3053635,31.71539541
90,117.2863785,31.7154449
92,117.2872213,31.7154461
94,117.2889373,31.71544854
98,117.2805372,31.71545126
100,117.2809216,31.71545643
104,117.2755676,31.71546529
106,117.2753127,31.71546742
109,117.2752415,31.71546802
113,117.2702816,31.71548885
114,117.2700321,31.71549006
119,117.2964321,31.71552163
123,117.285922,31.71554185
125,117.2860715,31.71554185
128,117.2649786,31.7155742
130,117.2648106,31.71557534
133,117.2646898,31.71557616
137,117.2889143,31.71578755
138,117.2860751,31.71587182
140,117.2868835,31.71596847
142,117.2875419,31.71599356
147,117.2875759,31.71611199
151,117.2877346,31.71617875
155,117.2874947,31.71633672
156,117.2871499,31.71649516
160,117.2967532,31.71692649
162,117.3051901,31.71693017
166,117.3053974,31.71693026
170,117.3054133,31.71693027
172,117.2943772,31.7169469
174,117.309537,31.71701528
178,117.2868155,31.71717294
180,117.2868287,31.71731019
182,117.2700766,31.71759243
184,117.2702976,31.71759357
188,117.2860942,31.71761999
193,117.285918,31.71762065
196,117.2755812,31.71762164
198,117.2753412,31.71762764
202,117.2648381,31.71765199
204,117.2650258,31.71765257
209,117.2757268,31.71776478
210,117.2751826,31.71776774
212,117.2737754,31.71776958
214,117.2805348,31.71777009
218,117.2809123,31.71777072
222,117.2809131,31.71777072
224,117.2723644,31.71777143
226,117.2704725,31.71777391
230,117.2857941,31.71777878
234,117.2651602,31.71778283
237,117.2699507,31.71779021
241,117.2877816,31.71779861
245,117.2755823,31.71788288
247,117.2753459,31.71788404
250,117.3009896,31.71789313
251,117.3011997,31.71772499
253,117.2647907,31.71793338
255,117.2648285,31.71793353
257,117.2650246,31.71793428
260,117.2860908,31.71794326
263,117.2859488,31.71794554
266,117.2702502,31.71798387
268,117.2700512,31.7179857
271,117.2699507,31.71798663
274,117.2879903,31.71809948
276,117.2737946,31.71811098
278,117.2876369,31.71828429
281,117.2876989,31.71835432
282,117.2880293,31.71836929
284,117.2878547,31.71840192
289,117.2990045,31.71850796
290,117.2738173,31.71851404
293,117.3009057,31.71851597
297,117.3095435,31.7185326
299,117.2877046,31.71853531
302,117.305192,31.71855156
306,117.3053841,31.71855316
312,117.2749052,31.71866553
317,117.2723687,31.71869515
321,117.2891758,31.71875382
323,117.3009579,31.71878271
325,117.3028034,31.71868833
328,117.2749111,31.71909587
331,117.2723713,31.7192383
335,117.2876439,31.71939917
338,117.2875435,31.7195301
343,117.2874278,31.71970203
347,117.3095493,31.71989667
348,117.2809109,31.71999091
351,117.2805712,31.71999517
355,117.2879779,31.72001534
358,117.3141294,31.72002803
361,117.3138929,31.72002972
365,117.3052205,31.72004053
366,117.3054109,31.720042
371,117.2723752,31.72005534
372,117.2755501,31.72007105
376,117.2967468,31.72007705
379,117.2753687,31.72007757
382,117.2964686,31.72007958
386,117.2752393,31.72008222
389,117.2886725,31.7200964
391,117.286098,31.72010375
392,117.2859436,31.72010377
398,117.2700495,31.72013932
401,117.2702761,31.72013932
404,117.2650368,31.72013959
406,117.2648321,31.72014327
411,117.2884254,31.72017758
414,117.3135738,31.72018099
416,117.3055304,31.72019352
420,117.2969288,31.72019506
423,117.3050899,31.7201975
427,117.2651508,31.72023051
429,117.2963035,31.72023369
430,117.2943863,31.72023532
434,117.2930091,31.7202365
438,117.2888397,31.72024005
442,117.2811834,31.72024515
444,117.2812535,31.72024523
447,117.2758155,31.72024658
449,117.2862536,31.72025803
451,117.2870283,31.72026004
454,117.2803038,31.72026213
459,117.285761,31.72026317
463,117.2884117,31.72026364
466,117.2697978,31.72027475
470,117.2751076,31.72029786
473,117.2723763,31.72030392
477,117.270483,31.72030812
480,117.3135657,31.72032364
482,117.3055284,31.72034166
487,117.3050836,31.72035746
488,117.2969284,31.72036244
492,117.2646182,31.72036868
495,117.2963025,31.72038325
497,117.2621869,31.72038344
499,117.2802994,31.72040581
500,117.2751067,31.72041421
502,117.281179,31.72041437
504,117.2812587,31.72041436
507,117.2758183,31.72042049
511,117.2883866,31.72042183
512,117.2876803,31.72042235
514,117.2869721,31.72042287
517,117.2862589,31.7204234
521,117.2704838,31.72042433
524,117.2697955,31.72042989
526,117.2887929,31.72043171
530,117.2683465,31.72043487
532,117.2857552,31.72044382
537,117.2651429,31.72044588
540,117.3139132,31.7204689
542,117.3141226,31.72047612
546,117.296738,31.72048071
548,117.3053959,31.72048133
551,117.2964696,31.72048188
554,117.3052125,31.72048191
557,117.3051145,31.72048222
561,117.2884331,31.72053224
563,117.2885475,31.72055054
564,117.2859438,31.72055298
567,117.2861251,31.72055335
568,117.2859444,31.72055336
574,117.2648561,31.7205634
575,117.2648495,31.72056345
580,117.2697934,31.7205696
582,117.2701975,31.72057118
584,117.2703014,31.72057159
589,117.2804699,31.7205997
591,117.2805483,31.72060024
593,117.2809747,31.72060319
597,117.2755669,31.72061432
599,117.2753543,31.72061545
602,117.2876007,31.72075603
604,117.2872595,31.72076786
607,117.2868944,31.72076876
611,117.2879608,31.72084151
615,117.2683458,31.72119186
617,117.2685159,31.72119252
619,117.2873367,31.72121385
622,117.2685166,31.721447
624,117.2665271,31.72148223
626,117.2652912,31.72150279
628,117.2665274,31.72153959
633,117.2681185,31.72155648
637,117.268106,31.72166235
639,117.2685172,31.72166302
643,117.2679207,31.72167368
646,117.2665988,31.72177113
651,117.2681274,31.72179715
653,117.2685179,31.72191615
657,117.2872264,31.72202808
659,117.2682339,31.72204645
661,117.2693799,31.72206221
663,117.2685183,31.72206393
668,117.2886816,31.72212258
671,117.2701666,31.72214627
673,117.2693811,31.72215741
677,117.3139461,31.72219982
678,117.2883541,31.72226007
681,117.2861207,31.72227106
683,117.2883004,31.72228405
686,117.2864827,31.72231258
691,117.2875171,31.72238686
693,117.2881349,31.72240834
696,117.2886298,31.72252869
698,117.2660841,31.72253487
700,117.2867467,31.72255845
705,117.2878662,31.72260709
707,117.2693874,31.7226666
711,117.2875137,31.72273762
715,117.2685149,31.72277422
716,117.2685178,31.72278241
719,117.2685138,31.72278373
722,117.2681349,31.72278905
726,117.3005375,31.72291549
727,117.3009618,31.72227422
729,117.2998923,31.72196228
731,117.2638242,31.72307066
735,117.2805718,31.72320098
737,117.2809422,31.72320536
741,117.2755582,31.72330065
742,117.2753977,31.72330643
746,117.2866159,31.72333223
748,117.2859601,31.72333432
750,117.286118,31.7233357
757,117.2858441,31.72341094
758,117.3137594,31.72341257
760,117.2803238,31.72342198
763,117.2812525,31.7234318
766,117.270287,31.72343796
769,117.2752121,31.72344177
772,117.2757897,31.72344489
776,117.2870214,31.72345885
781,117.2882613,31.72349503
783,117.2701595,31.72350262
784,117.2702866,31.72350394
789,117.2693979,31.72350808
793,117.2693979,31.72350817
795,117.2681967,31.72351895
798,117.2681126,31.72351971
802,117.2677605,31.72352289
807,117.2858413,31.72352846
809,117.2812539,31.72353472
813,117.2752112,31.72354551
814,117.2803295,31.72355114
816,117.2702864,31.72355881
820,117.2757877,31.72357505
824,117.2870838,31.72358503
827,117.2876887,31.72359785
830,117.3122485,31.72360592
832,117.3114003,31.72362352
834,117.2805823,31.72365502
836,117.2809493,31.72366112
841,117.3135726,31.72369041
842,117.2755363,31.72370733
845,117.2753586,31.72371045
848,117.2861246,31.72371099
851,117.2859724,31.72371403
854,117.3133829,31.72232201
855,117.3096411,31.72375283
858,117.3113854,31.72388802
861,117.3137753,31.7239553
865,117.2885378,31.72407861
867,117.2882772,31.72410071
872,117.3008296,31.72412745
875,117.2694074,31.72417109
877,117.2680392,31.72418396
880,117.2673729,31.72420123
884,117.3007497,31.72430921
887,117.3012681,31.72432641
888,117.3071209,31.72436084
891,117.290198,31.724377
892,117.3007552,31.72437714
894,117.3116804,31.72437803
897,117.3115968,31.72440061
900,117.2996354,31.72443654
903,117.2701804,31.724462
905,117.2694116,31.72446607
908,117.3009219,31.7245379
913,117.3054253,31.7246365
917,117.3034691,31.72463769
919,117.3112439,31.72464467
920,117.3052466,31.72465403
924,117.3051699,31.72466189
929,117.2650048,31.724722
930,117.2967796,31.72481309
933,117.2965422,31.72485346
936,117.2997665,31.72485685
938,117.3033172,31.72488677
941,117.2969403,31.72495167
945,117.309732,31.72496824
949,117.2882981,31.72500544
951,117.2969243,31.72506437
954,117.3030951,31.72508205
957,117.3044191,31.72511382
960,117.2867755,31.72512431
962,117.2964611,31.72514007
964,117.3137993,31.72515293
967,117.2968549,31.72520998
969,117.2992068,31.72522352
971,117.296733,31.72522378
973,117.3119256,31.72522714
978,117.2965414,31.72524549
983,117.3120587,31.72524662
985,117.3120821,31.72524231
987,117.3123812,31.72526576
991,117.3123777,31.72526829
992,117.300829,31.72529932
994,117.2995596,31.72530643
999,117.2880525,31.72531115
1000,117.2880524,31.72531118
1003,117.2880525,31.72531118
1007,117.2965388,31.72540263
1009,117.3009414,31.72540342
1012,117.3068717,31.72540608
1016,117.2960214,31.725414
1020,117.2888852,31.72541524
1024,117.3033181,31.72543794
1028,117.2921505,31.72548941
1031,117.3121409,31.72551265
1035,117.305398,31.72529489
1036,117.2897713,31.72562449
1040,117.2899309,31.72563828
1045,117.2995239,31.7256395
1047,117.3119849,31.72567366
1051,117.2984704,31.72570866
1055,117.3097263,31.72572261
1059,117.2978801,31.72572119
1061,117.3038212,31.7257655
1063,117.30095,31.72578694
1064,117.3065625,31.72578974
1071,117.3022565,31.7257959
1075,117.2875358,31.72582343
1078,117.2899825,31.72583407
1080,117.2894409,31.7258858
1091,117.3137827,31.72598365
1093,117.3025898,31.72613019
1095,117.2805788,31.72615102
1097,117.2809486,31.72615905
1101,117.2900828,31.72618003
1102,117.2861424,31.72619719
1105,117.2859784,31.72620247
1109,117.2756035,31.72621859
1111,117.2753903,31.7262218
1114,117.3064703,31.72631329
1117,117.304177,31.72632424
1121,117.3009622,31.72632919
1123,117.3006044,31.72633036
1125,117.2965237,31.72633659
1127,117.2984498,31.72633737
1128,117.3021827,31.72634139
1135,117.2967225,31.726343
1140,117.2950069,31.7263477
1142,117.2863955,31.72635659
1145,117.2878325,31.72636165
1147,117.2812705,31.72636636
1148,117.2825353,31.72636714
1150,117.284376,31.72636828
1153,117.2898427,31.72636872
1156,117.285681,31.72636908
1160,117.314155,31.72637153
1162,117.2913029,31.72637485
1165,117.2905949,31.72638004
1171,117.3137748,31.72638268
1172,117.2801669,31.72638481
1175,117.279195,31.72638644
1177,117.2772541,31.72638971
1179,117.275887,31.72639201
1183,117.3139441,31.72639765
1184,117.2750841,31.72640991
1186,117.2739177,31.72641191
1188,117.2722639,31.72641474
1190,117.270272,31.72641816
1195,117.2701662,31.72641834
1198,117.2701092,31.72641843
1200,117.2686978,31.72642085
1205,117.267381,31.72642463
1207,117.2664471,31.72642731
1209,117.3106443,31.72648013
1210,117.3131147,31.72648212
1215,117.3090664,31.72648234
1218,117.3076887,31.72648602
1222,117.3058716,31.72649587
1224,117.3136688,31.72650013
1226,117.2962839,31.72651254
1228,117.2944922,31.72651863
1233,117.3006074,31.72652071
1236,117.2989616,31.72652847
1240,117.2913048,31.72652947
1245,117.2969753,31.72653784
1248,117.2884019,31.72653935
1252,117.3324395,31.72645587
1253,117.3178894,31.72654277
1254,117.3174518,31.72654419
1256,117.2864045,31.72654745
1261,117.2856828,31.72654989
1262,117.3152047,31.72655152
1264,117.3148662,31.72655262
1266,117.3141565,31.72655494
1271,117.313945,31.72655563
1274,117.3137766,31.72655617
1278,117.3137051,31.72655641
1280,117.2841277,31.72656021
1284,117.310784,31.72656593
1287,117.2831439,31.72656674
1290,117.2801655,31.72657169
1292,117.278565,31.72657454
1297,117.2776663,31.72657614
1301,117.2812704,31.72657917
1305,117.2758879,31.72657931
1308,117.2750885,31.72658256
1310,117.3074318,31.72658286
1312,117.2735243,31.72658913
1316,117.2726792,31.72659268
1320,117.267744,31.7266134
1325,117.3006089,31.72661348
1328,117.266429,31.72661892
1331,117.2969672,31.72662983
1334,117.296646,31.72663127
1337,117.3133324,31.72663486
1339,117.313666,31.7266337
1341,117.3109442,31.72664317
1345,117.3006099,31.72667915
1348,117.2962857,31.72668311
1351,117.2942626,31.72668318
1353,117.2913084,31.72668327
1357,117.2883068,31.72668337
1358,117.2864062,31.72668343
1362,117.2987857,31.7266855
1365,117.2856841,31.72668792
1367,117.2969617,31.72669185
1370,117.2801648,31.72669539
1373,117.2837675,31.7267019
1375,117.278335,31.72670493
1377,117.2826914,31.72670975
1379,117.277318,31.72671023
1380,117.2750918,31.72671517
1383,117.2758885,31.72671768
1387,117.2812704,31.72672012
1390,117.2732244,31.72672044
1392,117.2664398,31.72673957
1395,117.2969718,31.72684738
1397,117.2984598,31.7268482
1401,117.3006126,31.72684939
1405,117.3090249,31.72685404
1406,117.2962889,31.72686048
1409,117.2948274,31.72686542
1412,117.2939137,31.72686852
1414,117.2921207,31.72687458
1417,117.2913129,31.72687731
1420,117.2903382,31.72688061
1423,117.2812673,31.72688235
1424,117.2896438,31.72688296
1427,117.2824991,31.7268882
1430,117.2877859,31.72688924
1434,117.2864087,31.7268939
1439,117.2758894,31.72689439
1441,117.2842411,31.72689647
1445,117.2770119,31.72689713
1449,117.2787182,31.72690129
1453,117.2856862,31.72690334
1457,117.2801635,31.72690622
1460,117.2750969,31.72691858
1463,117.2737333,31.72692279
1466,117.2664172,31.7269454
1468,117.3137812,31.72699553
1470,117.2753727,31.72700462
1472,117.2755835,31.72700896
1476,117.2966478,31.72701915
1482,117.2861339,31.72703385
1484,117.2859632,31.72704245
1488,117.2804386,31.72707113
1490,117.2806112,31.72707335
1492,117.2809382,31.72707756
1496,117.2903482,31.72720711
1498,117.2896217,31.72723307
1503,117.3120145,31.72733165
1504,117.2938562,31.7275592
1507,117.2914967,31.72756985
1510,117.3141659,31.72776192
1515,117.3139524,31.72788716
1518,117.2859636,31.72789197
1520,117.284818,31.7276623
1521,117.2854521,31.72790954
1526,117.3137898,31.72792448
1532,117.2750279,31.72799441
1533,117.2753865,31.72799769
1537,117.3146354,31.72808208
1540,117.2949113,31.72818646
1542,117.2952999,31.72820868
1544,117.2925268,31.72833068
1549,117.2731881,31.72836264
1550,117.2873216,31.72841578
1552,117.2963863,31.72847561
1554,117.2740677,31.72885687
1558,117.2941261,31.72899656
1560,117.3137876,31.72899722
1563,117.3137876,31.72899844
1566,117.2932791,31.72900184
1568,117.2949092,31.72904318
1574,117.2762835,31.72876708
1575,117.2767373,31.72919869
1577,117.2767842,31.7290215
1578,117.3141772,31.72921582
1583,117.2954592,31.72923268
1588,117.2841636,31.72928482
1591,117.2809396,31.72928887
1594,117.2806018,31.72962336
1597,117.2778552,31.7296294
1599,117.2767407,31.72963186
1603,117.2755846,31.7296344
1606,117.2754048,31.7296348
1611,117.2729462,31.72964021
1612,117.2723882,31.72964028
1613,117.2709245,31.72963962
1615,117.2724155,31.72792066
1619,117.2820245,31.72969001
1621,117.2677306,31.72976444
1622,117.2859689,31.72987302
1625,117.2861272,31.72988641
1629,117.2677085,31.72997586
1631,117.2848769,31.73000578
1636,117.2778382,31.7305331
1638,117.3141875,31.73053835
1641,117.2963492,31.730576
1642,117.2859708,31.73060543
1646,117.2827205,31.73065332
1649,117.2788546,31.73081591
1651,117.2798218,31.73074956
1652,117.3144886,31.73081961
1654,117.3148239,31.73082272
1656,117.2916908,31.73078179
1657,117.2938628,31.73101362
1659,117.285539,31.73109104
1660,117.2914786,31.73110132
1663,117.278965,31.73114402
1665,117.2797624,31.73108892
1666,117.3141923,31.73116592
1670,117.2729361,31.73117821
1672,117.272737,31.73118303
1674,117.318998,31.73119972
1676,117.2709137,31.73122714
1681,117.2809409,31.73123549
1684,117.2686703,31.73128142
1686,117.2910115,31.73128145
1689,117.268459,31.73128653
1692,117.2872505,31.73029688
1694,117.2933817,31.73142454
1699,117.2850599,31.7314537
1700,117.2864891,31.73150136
1703,117.2861262,31.7315046
1707,117.2844358,31.73149472
1708,117.2856494,31.73159809
1711,117.3150914,31.73161218
1713,117.3151026,31.7316211
1715,117.2789215,31.73162344
1716,117.2767638,31.73162365
1719,117.2772585,31.7314737
1720,117.3141959,31.73162482
1726,117.2855933,31.73165222
1729,117.2809412,31.73172617
1730,117.293313,31.73172686
1732,117.279781,31.73173557
1734,117.2758807,31.73174891
1736,117.2829152,31.73178848
1741,117.2828228,31.73181887
1745,117.2864964,31.7318766
1746,117.2916086,31.73191766
1748,117.2912211,31.73203365
1750,117.2827484,31.7320628
1753,117.2958565,31.73208528
1754,117.2941001,31.73209905
1756,117.2932625,31.73212848
1757,117.2923951,31.73164341
1761,117.2958779,31.73218786
1763,117.2787479,31.73221686
1764,117.2852651,31.73222702
1765,117.2855739,31.73204678
1766,117.2895739,31.73223477
1768,117.276921,31.73224672
1772,117.2911607,31.73215185
1773,117.2902691,31.73229518
1774,117.2849493,31.73230154
1778,117.2964364,31.73233407
1780,117.2823965,31.73234639
1782,117.2814432,31.73235012
1786,117.281393,31.73235032
1789,117.2809416,31.73235208
1794,117.2758315,31.73237328
1796,117.2947125,31.73240108
1798,117.2948589,31.73247967
1802,117.284455,31.73250884
1805,117.2839564,31.73253203
1806,117.2936934,31.73253791
1811,117.2828103,31.73254534
1815,117.2917894,31.73211504
1816,117.2956394,31.7327206
1820,117.3177807,31.73276714
1822,117.2786671,31.73277893
1823,117.2795974,31.73235472
1825,117.279776,31.73264265
1829,117.2871454,31.73192353
1830,117.2758545,31.73269429
1831,117.2778435,31.73282551
1838,117.2946553,31.73290051
1841,117.2868466,31.73290067
1842,117.2841263,31.73301114
1844,117.2828952,31.73306263
1849,117.270912,31.73306385
1856,117.2856945,31.73215533
1858,117.2962203,31.73317823
1860,117.2840789,31.73319433
1862,117.3324709,31.73321333
1864,117.3298926,31.73322296
1866,117.3267236,31.7332348
1868,117.3248772,31.73324169
1870,117.3241392,31.73324445
1872,117.3223391,31.73325117
1874,117.3191861,31.73326295
1876,117.3178398,31.73326798
1880,117.3144311,31.73328071
1882,117.3142088,31.73328154
1887,117.3139824,31.73328239
1891,117.3136689,31.73328356
1895,117.3139824,31.73329129
1897,117.3136684,31.7333035
1898,117.3080098,31.73330469
1900,117.3053717,31.73331455
1902,117.3011532,31.7333303
1904,117.3008929,31.73333127
1906,117.2966551,31.7333471
1910,117.2966552,31.73338204
1913,117.2913915,31.73339468
1915,117.2861299,31.7334001
1918,117.2859849,31.73340028
1923,117.2849425,31.73340156
1925,117.2809424,31.73340667
1928,117.2806025,31.73340745
1932,117.2778709,31.73341369
1937,117.2778576,31.73341372
1939,117.2756009,31.73341888
1942,117.2754104,31.73341945
1946,117.2729213,31.7334279
1951,117.2709503,31.73343957
1952,117.2709278,31.7334397
1957,117.2694937,31.7334482
1960,117.2849423,31.7337508
1963,117.2856862,31.73375427
1964,117.2710488,31.73407332
1966,117.3223375,31.73414137
1968,117.3191814,31.73415504
1972,117.2849418,31.73446126
1974,117.2859968,31.73449744
1980,117.2837871,31.73497098
1981,117.2844009,31.73496286
1982,117.2919098,31.7350078
1983,117.2919095,31.73456318
1985,117.2913869,31.73501274
1988,117.2908556,31.73501865
1989,117.2908633,31.73405492
1991,117.2913869,31.73502169
1994,117.2754167,31.73506245
1997,117.2750549,31.73508073
1998,117.3241589,31.73513313
2000,117.324883,31.73513709
2004,117.2729094,31.73521729
2006,117.2837828,31.73533635
2008,117.2844035,31.73533045
2010,117.2827732,31.73534594
2014,117.3267271,31.73539287
2016,117.3267419,31.73539202
2019,117.3269199,31.73539562
2020,117.3296023,31.73540418
2022,117.3298801,31.73541082
2028,117.3194209,31.73544247
2029,117.3194204,31.73543537
2030,117.3191745,31.73545428
2035,117.3221349,31.73545795
2037,117.3221349,31.73545817
2038,117.3223351,31.73546256
2044,117.2837766,31.73572316
2046,117.2844034,31.7357149
2048,117.2827794,31.73576363
2050,117.2837761,31.73576731
2054,117.271603,31.73595995
2056,117.290848,31.73596827
2058,117.2919103,31.73599038
2060,117.2725235,31.7360811
2062,117.2837809,31.73617855
2066,117.3296019,31.73620946
2072,117.279775,31.73598854
2073,117.2796477,31.73376954
2074,117.2949404,31.73635234
2075,117.2938744,31.73635738
2076,117.2886144,31.73636348
2077,117.2886173,31.73601358
2078,117.2904187,31.73636183
2081,117.2863583,31.7342934
2083,117.2921578,31.73636551
2084,117.3267288,31.73647334
2086,117.3298739,31.73649096
2090,117.3324726,31.73650551
2094,117.3223332,31.73651324
2096,117.3191688,31.73652849
2101,117.3163613,31.73653538
2102,117.3080158,31.73653606
2104,117.3143399,31.73654034
2108,117.3053712,31.73656102
2112,117.2966589,31.73659557
2114,117.3011698,31.73660079
2118,117.300906,31.73660329
2122,117.2938854,31.73660336
2124,117.2938802,31.73660337
2129,117.2913885,31.73661555
2132,117.2894767,31.7366212
2134,117.2886123,31.73662225
2139,117.2861348,31.73662526
2142,117.2860056,31.73662542
2146,117.2838251,31.73662896
2150,117.2828435,31.73663107
2153,117.2809574,31.73663512
2156,117.2806465,31.73663579
2160,117.2779119,31.73664038
2164,117.2760456,31.73664341
2165,117.2760012,31.73377526
2168,117.2966589,31.73664349
2173,117.2756079,31.73664412
2176,117.2754241,31.73664442
2180,117.2749904,31.73664522
2184,117.2729052,31.73665055
2189,117.271048,31.73668688
2193,117.3163671,31.73676656
2195,117.2938951,31.73686892
2196,117.2774074,31.73696192
2197,117.2797302,31.73692203
2198,117.3267307,31.73765411
2200,117.322331,31.7376873
2204,117.3143484,31.73786527
2208,117.2830789,31.73697547
2209,117.2843492,31.73799797
2210,117.2836876,31.73800735
2212,117.283067,31.73801615
2216,117.3223303,31.73805045
2220,117.3191606,31.7380866
2224,117.3143504,31.73815351
2226,117.2754277,31.73822883
2228,117.2836899,31.73838424
2229,117.282861,31.73838312
2232,117.2843598,31.73838515
2238,117.2894893,31.73847928
2239,117.2877175,31.73708686
2242,117.2894899,31.73858927
2245,117.2911855,31.73859044
2247,117.2744632,31.73916729
2249,117.2727594,31.73813947
2250,117.2860174,31.7394756
2253,117.2843898,31.73947829
2256,117.2836966,31.73947943
2260,117.282919,31.73948072
2262,117.2928663,31.73950243
2265,117.296118,31.73952112
2266,117.277456,31.73952415
2267,117.2774609,31.73863861
2270,117.277402,31.73952432
2275,117.2756189,31.73952987
2278,117.3324745,31.73961024
2280,117.3298559,31.73962015
2284,117.3267333,31.73963197
2288,117.2836976,31.73963937
2292,117.3223274,31.73964866
2296,117.3191523,31.73966068
2300,117.314317,31.73967899
2304,117.3140953,31.73967982
2308,117.3137886,31.73968099
2312,117.3096407,31.73969669
2316,117.3053707,31.73971286
2320,117.3037221,31.7397191
2322,117.3011856,31.7397287
2326,117.3009186,31.73972971
2330,117.2966625,31.73974583
2334,117.2860186,31.73977312
2336,117.2861346,31.73977318
2341,117.2913979,31.73978173
2344,117.2891785,31.73978252
2346,117.2893296,31.73978299
2348,117.2894955,31.73978349
2355,117.2809632,31.7397976
2358,117.280634,31.73979852
2362,117.2774062,31.73980751
2367,117.2772281,31.739808
2369,117.2756185,31.73981249
2372,117.2754348,31.739813
2377,117.2745988,31.73981533
2381,117.2738403,31.73981744
2383,117.2725404,31.73982106
2386,117.289321,31.74032396
2388,117.2891777,31.74032449
2393,117.2898501,31.74048142
2394,117.2911973,31.74046372
2396,117.2927368,31.74084452
2397,117.2956889,31.74084106
2400,117.2772347,31.74086802
2403,117.2898264,31.74133093
2404,117.2877436,31.74133611
2408,117.2870931,31.7413399
2411,117.2963162,31.74145467
2412,117.2966646,31.74147947
2415,117.3009243,31.74144863
2417,117.2913978,31.74152997
2419,117.2906871,31.74153407
2421,117.2898362,31.74153898
2424,117.2754387,31.74167861
2426,117.2863985,31.74177516
2428,117.2870947,31.7417888
2432,117.2942332,31.74185778
2436,117.2780326,31.74189747
2437,117.2776704,31.74115636
2439,117.2790805,31.74189259
2441,117.2870952,31.74194031
2442,117.2864004,31.74194778
2447,117.286142,31.74195714
2450,117.2847969,31.74213881
2451,117.2842034,31.74039405
2452,117.2828293,31.74214138
2453,117.2834338,31.7403922
2456,117.2837324,31.74233282
2461,117.2963153,31.74233577
2464,117.2966657,31.74244455
2466,117.2882411,31.74247718
2468,117.2889423,31.74247538
2475,117.2898496,31.74249138
2478,117.2891927,31.74249165
2480,117.3325098,31.74261415
2483,117.33259,31.74261382
2484,117.3298387,31.74262494
2488,117.3254384,31.74264272
2490,117.3191698,31.74266804
2494,117.3138342,31.74267104
2496,117.3139346,31.74267111
2498,117.3325104,31.74267267
2501,117.3140849,31.74268068
2504,117.3298384,31.74268229
2509,117.3097736,31.74268297
2511,117.3096845,31.74268324
2512,117.3096486,31.74268334
2517,117.3096464,31.74268335
2518,117.3142881,31.74268777
2523,117.3142017,31.74268811
2527,117.2963093,31.74269366
2529,117.3054598,31.74269589
2530,117.3053702,31.74269616
2535,117.3052943,31.74269638
2537,117.3052886,31.7426964
2538,117.3254391,31.74269812
2542,117.3037075,31.74270114
2546,117.2944069,31.74270618
2551,117.3013502,31.74270819
2552,117.3191703,31.74272069
2557,117.2914035,31.74272594
2560,117.3142888,31.74273826
2565,117.3142022,31.74273857
2568,117.3140846,31.74273899
2572,117.3139347,31.74273953
2576,117.3138353,31.74273989
2580,117.2891949,31.74274048
2584,117.2889365,31.74274218
2588,117.3096488,31.74274627
2592,117.3097746,31.74275451
2596,117.3096491,31.74275496
2600,117.3096488,31.74275496
2605,117.2861447,31.74276055
2608,117.2860046,31.74276147
2612,117.2837736,31.74276544
2616,117.2806377,31.74276557
2619,117.2809975,31.74276588
2624,117.30546,31.74277004
2628,117.3053702,31.74277036
2632,117.3052924,31.74277064
2636,117.2754412,31.74277306
2638,117.2780385,31.74277582
2642,117.3037071,31.74277635
2647,117.275628,31.74278016
2651,117.3013468,31.74278484
2654,117.3012011,31.74278537
2659,117.2738026,31.74278558
2662,117.3009309,31.74278634
2668,117.2735233,31.74278936
2672,117.2970146,31.74280044
2676,117.2966661,31.74280169
2680,117.2717577,31.74281327
2681,117.2638872,31.72684387
2684,117.3325908,31.74284771
2687,117.3323528,31.74285349
2688,117.3254419,31.74290497
2692,117.309777,31.74291084
2694,117.309655,31.74291092
2699,117.3235643,31.74291098
2700,117.2913631,31.74291161
2701,117.2914083,31.7429117
2705,117.291471,31.74291183
2707,117.3075847,31.74291229
2709,117.3075062,31.74291235
2710,117.313935,31.74291252
2715,117.3064631,31.74291304
2716,117.3054604,31.74291371
2720,117.3052888,31.74291382
2721,117.3052885,31.74291382
2727,117.3025533,31.74291564
2729,117.3013409,31.74291772
2733,117.2963198,31.74292172
2736,117.3097772,31.74292217
2738,117.3096554,31.74292225
2740,117.3054605,31.74292505
2742,117.3052885,31.74292516
2744,117.2887281,31.74292705
2747,117.3180072,31.74292875
2749,117.3177251,31.74292965
2751,117.3011311,31.74293085
2753,117.3010131,31.74293466
2755,117.314204,31.74293972
2756,117.2861486,31.74294389
2758,117.3143609,31.74294407
2762,117.2860307,31.74294466
2764,117.2809922,31.74296405
2766,117.2806407,31.74296532
2768,117.2780588,31.74297464
2770,117.2780207,31.74297477
2772,117.2738954,31.74298959
2775,117.2738894,31.74298962
2778,117.2736064,31.74299063
2782,117.2736024,31.74299065
2784,117.27183,31.74299701
2789,117.3096549,31.74313403
2790,117.3095104,31.74313551
2793,117.3064602,31.74316282
2795,117.3060008,31.74317783
2796,117.271908,31.7431954
2798,117.2716919,31.74319769
2799,117.263612,31.72684874
2801,117.2887478,31.74320117
2803,117.3025555,31.74320149
2805,117.2889889,31.74322002
2806,117.296779,31.74322021
2808,117.2965929,31.74322103
2811,117.2965006,31.74322144
2814,117.3094414,31.74322212
2817,117.2890542,31.74322512
2818,117.3189745,31.74323672
2819,117.3182051,31.74323803
2821,117.2884627,31.74324028
2823,117.3177282,31.74324731
2825,117.3175826,31.74325245
2827,117.3181995,31.74326723
2828,117.3180101,31.74326776
2832,117.3189414,31.74327253
2834,117.3094419,31.74329288
2836,117.2936913,31.74349908
2837,117.2937868,31.74349751
2838,117.2883534,31.74351203
2839,117.2884103,31.74351179
2841,117.2890513,31.74351274
2843,117.2906928,31.74350997
2844,117.294434,31.743515
2845,117.2963189,31.74350796
2846,117.2943697,31.74351504
2850,117.2918828,31.74353249
2852,117.286728,31.74353365
2855,117.2890797,31.74354488
2856,117.2884161,31.743578
2860,117.2865602,31.74370332
2862,117.3094449,31.74370986
2864,117.3078093,31.74373649
2869,117.3076956,31.74373834
2872,117.3075928,31.74374001
2877,117.2909666,31.74379281
2880,117.2719508,31.74386907
2883,117.2944248,31.74387153
2885,117.2944261,31.74387176
2887,117.2937907,31.74387294
2891,117.3073235,31.74387952
2895,117.293804,31.74388966
2896,117.2865597,31.74390867
2899,117.2869917,31.74399682
2901,117.2944608,31.7441022
2903,117.2884073,31.74412013
2904,117.3122485,31.74418028
2905,117.3111158,31.74418216
2907,117.2878688,31.74425728
2908,117.3082093,31.74426629
2909,117.3088566,31.7442314
2911,117.2951562,31.74427448
2912,117.3077514,31.74428262
2915,117.2929672,31.74428314
2918,117.3056823,31.74432763
2919,117.3063254,31.7441712
2921,117.3082074,31.74436383
2925,117.2879452,31.74438879
2927,117.307396,31.74441347
2928,117.305776,31.74441762
2933,117.3235881,31.74442541
2934,117.2860348,31.74446176
2936,117.2861568,31.74448759
2939,117.3025652,31.74449351
2940,117.3013743,31.74450313
2945,117.2865584,31.74451697
2949,117.2865597,31.74451707
2951,117.3091268,31.74452187
2953,117.3075243,31.74455372
2955,117.3073992,31.7445586
2958,117.3134503,31.7446004
2960,117.2722307,31.74463416
2963,117.3082093,31.74464036
2964,117.2918784,31.74451147
2965,117.29251,31.74464857
2967,117.3102703,31.74467275
2968,117.3082102,31.74468171
2971,117.3111597,31.74469769
2975,117.3087649,31.74471472
2978,117.3124337,31.74472512
2980,117.3082113,31.74473609
2982,117.3128583,31.74474636
2986,117.2767028,31.74477537
2987,117.2763509,31.74435222
2988,117.3113088,31.74482443
2991,117.3121287,31.7448424
2995,117.3102742,31.74485805
2996,117.2938495,31.74494772
2997,117.2938688,31.74467084
2998,117.3129178,31.74502873
3001,117.2950469,31.74503706
3002,117.2936541,31.74502788
3003,117.2937768,31.74504839
3005,117.2937956,31.74505584
3008,117.2891027,31.74506907
3009,117.2895823,31.7450716
3011,117.2938512,31.74507783
3012,117.3134532,31.74508248
3016,117.291879,31.74509506
3018,117.3013609,31.74509666
3020,117.2884054,31.74509682
3021,117.2878649,31.74504228
3023,117.2963276,31.74509921
3025,117.3020409,31.74509948
3027,117.3020901,31.74509969
3028,117.3029449,31.74510072
3029,117.3037607,31.74509863
3031,117.3025698,31.74510168
3037,117.3020398,31.74513738
3038,117.3020878,31.74514093
3040,117.2922456,31.74516888
3042,117.276253,31.74516954
3043,117.2758186,31.74489432
3044,117.2762529,31.74517536
3048,117.2922464,31.74518904
3051,117.2953101,31.74519928
3052,117.3091245,31.74520698
3055,117.3091474,31.74513733
3056,117.2936478,31.74520874
3061,117.2926713,31.74526017
3063,117.3102829,31.74526763
3065,117.2927334,31.74527369
3069,117.2906305,31.74527867
3071,117.3104083,31.74527983
3075,117.2954318,31.74528418
3078,117.2724628,31.74529239
3081,117.2868415,31.7452952
3082,117.2780283,31.74531012
3084,117.2780668,31.74531036
3088,117.286843,31.74532447
3090,117.2950896,31.74532988
3095,117.2870384,31.74534172
3097,117.2903525,31.74534871
3099,117.2870694,31.74537595
3101,117.2779628,31.7453857
3102,117.2870579,31.74538683
3104,117.3089771,31.74539315
3109,117.2770767,31.74539858
3112,117.2762495,31.7453999
3116,117.3110126,31.74540565
3121,117.2874914,31.74537645
3125,117.2779618,31.74544094
3127,117.2780178,31.74544397
3129,117.2780606,31.74544628
3132,117.2922357,31.74549895
3135,117.2963319,31.74550986
3136,117.2884051,31.74552696
3139,117.2890869,31.7455306
3143,117.295431,31.74553261
3146,117.2928732,31.74553512
3148,117.2936019,31.74553716
3150,117.2936988,31.74553749
3154,117.294957,31.74554097
3158,117.2922529,31.74554348
3162,117.2868562,31.745544
3167,117.310291,31.74565367
3168,117.3100068,31.74432912
3171,117.2940978,31.745664
3172,117.2940964,31.74566453
3177,117.3103315,31.74568994
3179,117.2906508,31.74569835
3180,117.3134062,31.74569874
3183,117.3096486,31.745702
3185,117.3110621,31.74570215
3189,117.3098122,31.74570263
3192,117.308952,31.74571339
3196,117.3094591,31.74571366
3200,117.2914756,31.74572742
3202,117.2913563,31.74573276
3206,117.2868678,31.74573711
3208,117.2965983,31.74574684
3210,117.3096309,31.74574727
3214,117.2967794,31.74574759
3220,117.2860381,31.74575226
3222,117.2861594,31.74575936
3226,117.3020415,31.74577714
3231,117.3020682,31.74577671
3233,117.3020766,31.74577928
3236,117.2884048,31.74577944
3238,117.3029259,31.74577999
3247,117.2905548,31.74578168
3248,117.2891145,31.74578275
3252,117.2887717,31.74578301
3257,117.3116158,31.7457838
3259,117.2887728,31.74578455
3261,117.3117919,31.74578665
3264,117.3139396,31.74583244
3267,117.3118096,31.74585381
3271,117.3116088,31.74585582
3275,117.309955,31.74587242
3279,117.309519,31.74587403
3280,117.3076365,31.74588361
3285,117.3075315,31.74588414
3288,117.2762422,31.74588862
3290,117.2780222,31.74589148
3292,117.278067,31.74589149
3296,117.3054919,31.74589453
3301,117.3053065,31.74589547
3304,117.2969423,31.74590706
3307,117.3010123,31.74590786
3310,117.3011403,31.74591351
3314,117.2726752,31.745926
3317,117.2963435,31.74592995
3319,117.2941116,31.74593507
3323,117.2770834,31.74593969
3324,117.2917192,31.74594058
3328,117.2864178,31.74595691
3331,117.2887447,31.74596228
3334,117.278173,31.7459638
3337,117.2858241,31.74596508
3338,117.2809797,31.74596568
3343,117.2911022,31.74596771
3347,117.2806595,31.74596946
3350,117.3099484,31.74597562
3351,117.3098238,31.74597392
3355,117.2779258,31.74597969
3357,117.2761102,31.74598443
3358,117.2771949,31.74598472
3363,117.2769698,31.74598756
3364,117.276369,31.74598956
3368,117.2749575,31.74599066
3373,117.3094852,31.74600808
3374,117.2969491,31.74602784
3376,117.3139399,31.74602992
3381,117.2994022,31.74603227
3382,117.3054935,31.74603497
3387,117.3010122,31.74603518
3391,117.3054396,31.74603533
3393,117.3053407,31.746036
3395,117.305303,31.74603625
3399,117.2963441,31.74604074
3401,117.2911004,31.74604167
3402,117.2940868,31.74604887
3404,117.2886988,31.74604969
3407,117.3030565,31.74605139
3408,117.286417,31.74605731
3412,117.291719,31.74605739
3416,117.3011408,31.74606179
3420,117.2781706,31.74606595
3423,117.2797449,31.74606666
3425,117.2806602,31.74606707
3429,117.2779246,31.74607185
3431,117.276968,31.74607219
3433,117.2858292,31.74607456
3434,117.2771949,31.74607572
3438,117.276373,31.74607599
3442,117.284686,31.74607742
3445,117.2761051,31.74607965
3446,117.2809794,31.74608669
3450,117.2749926,31.7461005
3455,117.3235372,31.74613628
3457,117.3098253,31.74613884
3458,117.3096623,31.74614285
3463,117.2964408,31.74615859
3465,117.2964409,31.74615879
3466,117.2762453,31.74617813
3469,117.2994033,31.74617855
3470,117.2994057,31.74617852
3473,117.2761828,31.74618023
3477,117.2779827,31.74618495
3479,117.2770014,31.74618519
3481,117.27708,31.74618567
3483,117.2780206,31.74618595
3487,117.2780632,31.74618708
3490,117.2967828,31.74622452
3492,117.2966152,31.74622921
3495,117.2964933,31.74623263
3499,117.2886878,31.74624601
3501,117.2886924,31.74624614
3503,117.2889351,31.74625311
3504,117.2883336,31.74625421
3507,117.2890551,31.74625656
3508,117.2914798,31.74626331
3510,117.2913735,31.74626372
3513,117.2912984,31.74626402
3517,117.2894267,31.74626723
3519,117.300831,31.7463096
3520,117.2942932,31.74631559
3521,117.2949723,31.74631354
3523,117.2941171,31.74631613
3527,117.286003,31.74632601
3529,117.2860425,31.74632669
3531,117.2861567,31.74632864
3535,117.2939765,31.74634602
3537,117.2939638,31.74644202
3538,117.3030531,31.74644445
3541,117.2941335,31.74645659
3543,117.3032579,31.7464793
3545,117.3044008,31.74648635
3547,117.3049328,31.74648964
3548,117.3028461,31.74650571
3550,117.3020549,31.74651352
3551,117.3016251,31.74650075
3554,117.2878587,31.74652047
3557,117.2895501,31.74652472
3559,117.2877648,31.74652716
3561,117.2877622,31.74652789
3562,117.2870725,31.74653452
3565,117.2903301,31.74653455
3566,117.2839308,31.74653525
3567,117.2836073,31.74654194
3568,117.3071427,31.74654786
3569,117.3071427,31.74623059
3570,117.3065367,31.74655455
3572,117.2932033,31.74655698
3573,117.2918992,31.7465542
3574,117.2852898,31.7465662
3575,117.2847761,31.74656962
3576,117.2847696,31.7465702
3581,117.2938642,31.74657535
3583,117.287826,31.74658032
3588,117.2954046,31.74659972
3589,117.2950863,31.74651207
3590,117.3030261,31.74665519
3594,117.2762479,31.74669186
3596,117.2770799,31.74669635
3598,117.2780698,31.74669733
3600,117.2780302,31.74669923
3605,117.2949047,31.74670211
3607,117.2943461,31.74671586
3610,117.3094392,31.74674258
3611,117.3094386,31.74660156
3613,117.2779667,31.74674981
3614,117.3030693,31.74675048
3618,117.2763287,31.7467581
3620,117.2771659,31.74675875
3624,117.3084087,31.74675892
3626,117.3080767,31.74675982
3627,117.3081639,31.74664173
3629,117.2769743,31.74676039
3632,117.2954337,31.74676133
3635,117.3076863,31.74677303
3637,117.2761554,31.74677615
3638,117.2752049,31.74678014
3643,117.2904816,31.74678054
3644,117.2954975,31.74680322
3647,117.2909298,31.74681101
3648,117.3081371,31.74681409
3652,117.2863807,31.74681807
3655,117.2889336,31.74681934
3659,117.2884014,31.74682517
3660,117.2780672,31.74682893
3662,117.2780298,31.74682918
3665,117.2779871,31.74682946
3668,117.2729727,31.74683407
3671,117.2770304,31.74683782
3673,117.2770643,31.74683782
3676,117.2797631,31.74683995
3679,117.2804403,31.74683803
3681,117.2761995,31.74687019
3682,117.3031274,31.74687146
3685,117.2762435,31.74687172
3688,117.285831,31.74691245
3691,117.2839287,31.74693148
3692,117.3030662,31.74697227
3697,117.3044047,31.74697376
3699,117.3049423,31.74697505
3700,117.3028361,31.74697619
3702,117.3036688,31.74697838
3706,117.3022049,31.74698695
3708,117.3014888,31.74698127
3709,117.302059,31.74698944
3714,117.2957813,31.7469954
3716,117.2839284,31.74693451
3717,117.2835241,31.74701291
3718,117.2963364,31.74708587
3720,117.3080754,31.74716187
3722,117.3027948,31.74718705
3725,117.3026902,31.74719843
3731,117.2889325,31.74722327
3733,117.3073602,31.74722674
3735,117.3044071,31.74727027
3737,117.3051087,31.74727306
3739,117.2944212,31.74728425
3741,117.3027666,31.74734706
3742,117.3082182,31.74734918
3744,117.2780284,31.74738081
3746,117.2780753,31.74738245
3751,117.3087124,31.74742233
3754,117.280663,31.74742669
3756,117.2797772,31.74743615
3760,117.2781247,31.7474538
3765,117.2779676,31.74746248
3766,117.3063128,31.74624475
3767,117.3063231,31.74746284
3768,117.2770607,31.74746987
3773,117.3064464,31.74747137
3774,117.2770607,31.74747171
3777,117.2919007,31.7474723
3778,117.2762415,31.74747654
3782,117.2962397,31.74747908
3784,117.2962259,31.74748071
3786,117.2754051,31.74748415
3790,117.3054626,31.74749325
3792,117.3011452,31.7474971
3795,117.3057546,31.74749753
3798,117.3036742,31.74752383
3801,117.3042331,31.7475185
3802,117.2780612,31.74752727
3804,117.278024,31.7475308
3807,117.2835036,31.74753152
3809,117.2779909,31.74753396
3813,117.3044092,31.74753436
3815,117.3050712,31.74753295
3816,117.3020638,31.747558
3819,117.3026478,31.74756106
3824,117.2927991,31.74756544
3826,117.2954067,31.74757829
3829,117.3044096,31.74758424
3832,117.3078841,31.74758831
3834,117.3072639,31.74759745
3838,117.302062,31.7476733
3841,117.3025752,31.74767568
3845,117.2918948,31.74768509
3846,117.302874,31.74769805
3848,117.3086636,31.74769914
3851,117.2918941,31.74770897
3852,117.3082193,31.74773143
3856,117.2929535,31.74773658
3858,117.3020614,31.74775221
3861,117.301706,31.74775363
3864,117.2919462,31.74776393
3867,117.2919877,31.74757914
3868,117.309444,31.74777124
3870,117.3011461,31.74777318
3876,117.3087382,31.74778032
3880,117.2963096,31.7477893
3883,117.2963064,31.74770422
3885,117.3027736,31.74779323
3888,117.2918747,31.74786036
3890,117.2948553,31.74786787
3894,117.286387,31.74788438
3896,117.3029574,31.74789759
3899,117.3029903,31.74786322
3901,117.2909372,31.74791403
3903,117.2904615,31.74792547
3907,117.2904751,31.7479542
3910,117.2733311,31.74803307
3913,117.2828861,31.7480418
3914,117.3054716,31.74806078
3918,117.2934311,31.74807343
3920,117.2947688,31.74808378
3922,117.3082001,31.7480879
3925,117.3078887,31.74809248
3928,117.3026424,31.74809146
3929,117.303056,31.74809667
3932,117.3020591,31.74809871
3937,117.3015086,31.74810267
3939,117.3044258,31.74810447
3941,117.3032678,31.74810992
3944,117.2944257,31.74811522
3947,117.3049719,31.74811624
3948,117.288067,31.74808227
3949,117.2882857,31.74814633
3950,117.2891807,31.74809076
3952,117.2834795,31.74817043
3953,117.2840156,31.74800724
3955,117.2879382,31.74819259
3959,117.2828875,31.74821485
3963,117.2840404,31.74822667
3964,117.3028744,31.7482586
3966,117.3026442,31.74826259
3970,117.3087237,31.74830874
3973,117.3029671,31.74831035
3974,117.3086711,31.74831905
3977,117.3087947,31.7483243
3980,117.2858301,31.74835248
3982,117.3075681,31.74836049
3985,117.2845645,31.74836392
3987,117.2851971,31.74826073
3988,117.3073931,31.74836476
3990,117.3020573,31.74837888
3992,117.3016784,31.74837935
3994,117.2963044,31.7483825
3996,117.3033245,31.74838517
3998,117.306514,31.7483862
4000,117.304408,31.74838898
4005,117.305068,31.74838084
4006,117.3026378,31.74840013
4010,117.2938399,31.74842735
4013,117.3082463,31.74843209
4017,117.2854047,31.74843566
4021,117.2909123,31.74843672
4023,117.2919333,31.74844609
4024,117.3082031,31.74845207
4026,117.2943185,31.74845439
4029,117.3079018,31.74847789
4030,117.2939851,31.74847799
4032,117.3028764,31.74848179
4036,117.3084941,31.74848749
4040,117.2939461,31.74850295
4044,117.3073814,31.74850361
4046,117.2959945,31.74850406
4048,117.3059145,31.74848326
4049,117.306329,31.74853816
4052,117.2939361,31.74854299
4054,117.3082143,31.74854859
4059,117.3086016,31.74856097
4061,117.2905228,31.74856693
4063,117.2882862,31.74857334
4064,117.289106,31.74858045
4067,117.3078983,31.74858152
4071,117.3070773,31.74859794
4075,117.3028847,31.74860123
4078,117.3020554,31.74866205
4080,117.3014483,31.74867105
4082,117.3044052,31.74867467
4085,117.3029243,31.74867604
4088,117.3028606,31.7486761
4092,117.3020553,31.74867685
4096,117.2867226,31.74868299
4098,117.2959339,31.7487039
4100,117.288863,31.7487144
4103,117.2922913,31.7487174
4104,117.2939063,31.74872368
4107,117.2884516,31.74873199
4111,117.2938898,31.74874977
4114,117.2942487,31.7487735
4116,117.2941072,31.74880763
4120,117.2941072,31.74880766
4122,117.2913675,31.74884647
4124,117.2914772,31.74884781
4126,117.2858298,31.74884999
4128,117.3087719,31.74887118
4131,117.309137,31.74886633
4132,117.3059363,31.74887916
4133,117.306318,31.74887945
4137,117.3070734,31.74888002
4141,117.3080519,31.74888075
4144,117.2967998,31.74888112
4146,117.296631,31.74888871
4151,117.2828698,31.74890336
4152,117.2860436,31.74890342
4154,117.2861714,31.74890501
4159,117.2904721,31.74891913
4160,117.2869221,31.74892006
4162,117.3011496,31.74893597
4164,117.2757603,31.74895399
4167,117.2840716,31.74895564
4171,117.3044035,31.74895798
4174,117.3096436,31.74897457
4176,117.3098517,31.74897578
4180,117.2755239,31.74899402
4184,117.3098534,31.7490185
4186,117.3107598,31.74903118
4189,117.3107683,31.74854544
4190,117.2780346,31.74903507
4192,117.2780893,31.7490387
4197,117.305344,31.74904364
4199,117.3054871,31.74904405
4202,117.3080519,31.74904797
4206,117.3096408,31.7490504
4210,117.30115,31.7490647
4214,117.3139446,31.7490718
4219,117.3010114,31.7490769
4221,117.3008496,31.74907885
4224,117.2969681,31.74908199
4227,117.2978687,31.74908415
4231,117.2994356,31.74908792
4236,117.2736229,31.74908929
4239,117.2963131,31.74909341
4240,117.2941044,31.74909679
4244,117.2886626,31.74910876
4248,117.2918134,31.74910899
4253,117.2910804,31.7491118
4255,117.2886602,31.74911391
4259,117.2857548,31.74911902
4260,117.2864591,31.74912491
4264,117.2840659,31.74912529
4269,117.2779483,31.74912674
4270,117.2781867,31.74913208
4272,117.2810021,31.74913339
4277,117.2806681,31.74913401
4280,117.2770734,31.74913744
4284,117.2759613,31.74915104
4288,117.3011503,31.74915987
4291,117.3044247,31.74916821
4293,117.3096364,31.74916898
4295,117.3096994,31.74916962
4297,117.305331,31.74917052
4301,117.3098071,31.74917073
4303,117.3098591,31.74917126
4306,117.3139448,31.74917341
4310,117.3055195,31.74917966
4317,117.3010114,31.74918906
4318,117.2994404,31.74919134
4320,117.2969708,31.74919327
4325,117.2963107,31.74919783
4326,117.2918106,31.74920766
4331,117.2857534,31.74921513
4332,117.2888797,31.74921484
4333,117.2910768,31.74921644
4336,117.2840611,31.74921752
4338,117.2864525,31.74922069
4342,117.2811685,31.74923043
4345,117.2779503,31.74923073
4346,117.2806692,31.74923165
4348,117.2781907,31.74923328
4352,117.2810026,31.74923367
4356,117.2759861,31.74924924
4361,117.2779901,31.74933478
4363,117.2780338,31.74933491
4365,117.2780753,31.74933501
4368,117.2967935,31.74939502
4370,117.2966133,31.74939663
4373,117.2964965,31.74939768
4377,117.2888941,31.74940529
4379,117.2893811,31.74940136
4381,117.2994333,31.74941035
4383,117.2994376,31.74941029
4384,117.2758684,31.74941974
4387,117.3002364,31.74942522
4389,117.3003081,31.74942657
4390,117.2979463,31.7494289
4393,117.2913081,31.74943306
4395,117.2913735,31.74943329
4397,117.2914995,31.74943374
4400,117.2756369,31.74945676
4403,117.2755488,31.74947085
4406,117.2861937,31.7494744
4408,117.286052,31.74947604
4411,117.285995,31.74947669
4414,117.2978647,31.74954351
4417,117.3044266,31.7495971
4418,117.303062,31.74959852
4420,117.3020842,31.74959954
4423,117.299427,31.74960419
4424,117.2866157,31.74967334
4425,117.2870319,31.74966108
4426,117.2865683,31.74970799
4429,117.2882248,31.74976789
4431,117.2882298,31.74977734
4435,117.2895471,31.74977965
4437,117.2898988,31.74973748
4439,117.2840569,31.7497918
4441,117.2842746,31.74979586
4443,117.2856731,31.74972419
4444,117.2828725,31.74980019
4445,117.2833284,31.74970839
4447,117.2838941,31.7498073
4451,117.2833093,31.74988751
4453,117.3002983,31.74991565
4454,117.2838237,31.74993091
4458,117.284289,31.74999491
4461,117.2842888,31.74999248
4463,117.285161,31.74976042
4465,117.3008131,31.75003574
4467,117.3044288,31.75007191
4469,117.2839098,31.75008926
4470,117.3030601,31.75009042
4474,117.286565,31.75009486
4476,117.2840608,31.75010046
4480,117.2738899,31.75012755
4483,117.2884337,31.75016549
4485,117.2829171,31.75024747
4487,117.2885795,31.75025381
4488,117.3015973,31.75028095
4489,117.302075,31.75028409
4493,117.2899177,31.75030617
4495,117.2909809,31.7502236
4497,117.2856955,31.75031554
4498,117.2828895,31.75031704
4500,117.2837906,31.75032694
4501,117.2836267,31.75032182
4504,117.2846251,31.75032978
4506,117.2835049,31.75033546
4509,117.2875659,31.75036283
4515,117.2838348,31.75044126
4517,117.2838507,31.75043788
4519,117.2841463,31.75046347
4521,117.3044306,31.75047212
4522,117.3036598,31.75048375
4525,117.2857034,31.7504944
4526,117.3029268,31.7504948
4528,117.3020751,31.75050764
4533,117.2858616,31.7505167
4535,117.2860482,31.75054454
4538,117.278083,31.75058524
4540,117.2780369,31.75058841
4545,117.2839817,31.75058925
4549,117.2909846,31.75061845
4550,117.2865621,31.75062066
4553,117.2781152,31.75076876
4555,117.2780754,31.75076937
4557,117.2780395,31.75076992
4560,117.2829049,31.75078456
4563,117.2857539,31.7508033
4564,117.2834154,31.75081221
4568,117.2839811,31.75081223
4575,117.3044321,31.75081304
4577,117.3051641,31.75079495
4578,117.3020754,31.75086152
4580,117.3013399,31.75084308
4582,117.3029301,31.7508989
4585,117.3032622,31.75058065
4587,117.3044325,31.75090445
4588,117.3020754,31.75092161
4592,117.3036493,31.75092379
4596,117.3014124,31.75103055
4597,117.3020755,31.75103285
4600,117.274111,31.75106486
4603,117.2884058,31.75128666
4605,117.2884607,31.75130382
4607,117.2884606,31.75125053
4608,117.3020757,31.75130547
4610,117.3014367,31.75131318
4613,117.3044345,31.75133208
4615,117.304988,31.75133505
4616,117.2978746,31.75137147
4619,117.303425,31.75137856
4621,117.3044347,31.75138106
4624,117.3026697,31.75138216
4628,117.3020758,31.751385
4633,117.3034234,31.75149202
4635,117.3044352,31.75149767
4637,117.3050779,31.75149854
4638,117.2984394,31.75149935
4641,117.2985264,31.75142491
4643,117.304131,31.75151283
4645,117.303423,31.75151985
4647,117.2906348,31.7515885
4648,117.2869157,31.75159135
4650,117.3020759,31.75161401
4653,117.3021613,31.75161426
4657,117.3034217,31.7516179
4661,117.3044358,31.75162083
4664,117.3096932,31.75162501
4666,117.3098009,31.75162876
4670,117.2885107,31.75175611
4672,117.2887745,31.75175687
4674,117.2890447,31.75175765
4678,117.2905737,31.75176207
4685,117.3044368,31.75185172
4687,117.3050014,31.75184127
4688,117.2914871,31.75188116
4690,117.2913745,31.75188496
4695,117.304437,31.75189522
4696,117.3020762,31.7519054
4700,117.301332,31.75183985
4702,117.2861723,31.75191144
4704,117.2860644,31.75191208
4709,117.3007043,31.75191582
4710,117.2985125,31.75192014
4711,117.298457,31.75192
4717,117.3044372,31.75193599
4718,117.3044372,31.7519374
4720,117.2966307,31.7519413
4722,117.2968121,31.75194657
4726,117.2764572,31.75199533
4728,117.2780506,31.75200097
4731,117.2780995,31.75200133
4734,117.3055141,31.75201537
4736,117.3056272,31.75200505
4738,117.3096921,31.75202194
4742,117.2762171,31.75203152
4746,117.3139493,31.75203519
4749,117.3053567,31.75203548
4751,117.3100008,31.75203925
4754,117.3011592,31.75204178
4758,117.2887836,31.75204922
4761,117.3010106,31.75205685
4763,117.2911862,31.75205766
4766,117.2969539,31.75206246
4771,117.2963447,31.75207641
4773,117.2917103,31.75207738
4776,117.2810064,31.75209713
4778,117.2864123,31.75210213
4783,117.2813127,31.75210348
4785,117.2814087,31.75210503
4787,117.2858787,31.75210667
4789,117.278193,31.75211089
4790,117.2779391,31.75211488
4792,117.2766502,31.75211629
4799,117.2806789,31.75212388
4802,117.3055221,31.75214072
4803,117.3055221,31.75214044
4805,117.3053676,31.75216008
4808,117.2911862,31.75216193
4811,117.3010106,31.75216317
4812,117.3139495,31.75216466
4815,117.3056117,31.75216495
4816,117.3011596,31.75216891
4821,117.2963456,31.75217221
4823,117.3096689,31.75217646
4827,117.3098165,31.75217336
4829,117.3100031,31.75218009
4835,117.2917023,31.75218019
4838,117.2969566,31.75218077
4843,117.2858781,31.75220281
4844,117.2825317,31.7522022
4846,117.2813595,31.75220685
4848,117.2813201,31.752207
4850,117.2810072,31.75221194
4854,117.286404,31.75221349
4858,117.2779453,31.7522143
4861,117.2781909,31.75221907
4862,117.2911861,31.75223124
4866,117.2766731,31.75223208
4871,117.2806792,31.75223288
4874,117.2779488,31.75227076
4879,117.2859942,31.75232913
4881,117.2860613,31.75233009
4883,117.2861768,31.75233174
4886,117.2765348,31.75235458
4888,117.2762822,31.75238986
4890,117.2743948,31.75239325
4893,117.2762135,31.75239944
4896,117.2825329,31.75240364
4899,117.2833263,31.75240939
4901,117.2836712,31.75241189
4903,117.2964969,31.75245523
4905,117.2966252,31.7524555
4907,117.2967965,31.75245588
4911,117.2833353,31.75277278
4913,117.2835466,31.75277649
4915,117.283808,31.75278109
4916,117.2825358,31.75290692
4919,117.2835557,31.75290717
4923,117.2838045,31.75290723
4924,117.274525,31.7530637
4926,117.2765009,31.75349068
4928,117.2818187,31.75348324
4929,117.2814111,31.7534998
4930,117.2825401,31.7536376
4933,117.2831032,31.7536341
4935,117.2813978,31.75365675
4937,117.281398,31.75365772
4938,117.2810155,31.75366282
4942,117.2746463,31.75373004
4945,117.2814194,31.75380856
4947,117.2817956,31.75382371
4950,117.2766398,31.7543085
4952,117.2825446,31.75439465
4955,117.2838031,31.75438098
4956,117.2748016,31.7546611
4958,117.3139538,31.75492356
4961,117.3096884,31.75493237
4963,117.3098217,31.75493508
4968,117.2861856,31.75494406
4970,117.2860578,31.75494611
4974,117.3011682,31.75494624
4976,117.3055388,31.75497506
4981,117.3053416,31.75501793
4987,117.2859254,31.75507334
4988,117.2825486,31.75507851
4993,117.2818393,31.75508355
4996,117.2806824,31.75508639
4998,117.2810203,31.75509259
5002,117.2770057,31.75510503
5007,117.309822,31.75512932
5008,117.3055277,31.75513278
5011,117.3055277,31.75513344
5013,117.3096898,31.75513366
5017,117.3053611,31.75513689
5018,117.3053611,31.75513755
5024,117.3139542,31.75516984
5028,117.3011689,31.75517013
5033,117.2859262,31.75517921
5034,117.2812743,31.75518121
5035,117.2820821,31.75518267
5038,117.2806818,31.75518556
5040,117.2810205,31.75518943
5044,117.2770231,31.75521883
5048,117.2861935,31.75527913
5050,117.2860637,31.75528588
5053,117.2859795,31.75528808
5056,117.2819149,31.75529345
5058,117.2749221,31.75546761
5060,117.2816414,31.75559793
5062,117.2768424,31.75563036
5064,117.2816594,31.75591965
5065,117.281869,31.7559315
5066,117.2810227,31.75608574
5069,117.2812965,31.75608083
5070,117.3254612,31.7560928
5072,117.3047281,31.75610399
5073,117.3051259,31.75610204
5074,117.3046827,31.75610421
5076,117.3038157,31.75610844
5078,117.3026913,31.75611393
5080,117.3018639,31.75611796
5082,117.3018203,31.75611818
5084,117.3013495,31.75611674
5085,117.301387,31.75611912
5089,117.304685,31.75615193
5091,117.2815428,31.75615992
5097,117.2816323,31.75621214
5099,117.2816366,31.75631543
5101,117.2818527,31.75631068
5102,117.275048,31.75640249
5105,117.3240648,31.75658878
5107,117.2816503,31.75664263
5109,117.2818618,31.75665708
5111,117.3047063,31.75687543
5115,117.3018552,31.75688564
5116,117.3018233,31.75688616
5120,117.324734,31.75698367
5123,117.2816717,31.75698935
5125,117.3051311,31.75705669
5126,117.3027101,31.75706546
5128,117.3038622,31.75706729
5133,117.3013848,31.75707065
5136,117.3013536,31.75707077
5140,117.2751278,31.75707542
5143,117.2816883,31.75716684
5144,117.3035944,31.75743367
5149,117.3244399,31.75761713
5151,117.303644,31.75769399
5152,117.3036534,31.75769542
5156,117.3034697,31.75769918
5160,117.3011768,31.75772413
5163,117.301009,31.75772861
5167,117.2821849,31.75759473
5168,117.3323841,31.7577601
5170,117.3327727,31.75776144
5174,117.31436,31.75777868
5177,117.3146026,31.75777604
5178,117.2966724,31.75778073
5180,117.2773397,31.75778116
5183,117.2968373,31.7577817
5186,117.3139583,31.75778305
5190,117.275205,31.75778531
5192,117.2770713,31.75779694
5197,117.3013567,31.75780521
5200,117.2964385,31.75782034
5202,117.3246655,31.75782124
5207,117.3013919,31.75782348
5211,117.3013919,31.75782372
5213,117.3244446,31.757824
5214,117.28621,31.75783059
5216,117.2860651,31.75783452
5220,117.2810271,31.75784348
5222,117.280674,31.75784431
5227,117.2864175,31.75784865
5230,117.3327739,31.75786236
5232,117.3244422,31.75787382
5237,117.3146063,31.75790748
5241,117.2970538,31.7579811
5243,117.3008115,31.75799445
5246,117.3136673,31.75799763
5248,117.2964408,31.7580059
5251,117.3098275,31.75800747
5255,117.3097102,31.75800773
5259,117.3055408,31.75801685
5262,117.305358,31.75801725
5267,117.3033996,31.75802153
5270,117.3032453,31.75802187
5274,117.2768411,31.75802502
5277,117.2864203,31.75802552
5279,117.3014164,31.75802695
5283,117.3013883,31.7580283
5286,117.3013586,31.75802974
5292,117.2858216,31.75803682
5295,117.2813455,31.75803733
5296,117.3011777,31.75803848
5301,117.301009,31.75803892
5306,117.2804011,31.75804189
5309,117.2755456,31.75804312
5311,117.2775757,31.75804402
5314,117.2754343,31.75804637
5318,117.3244335,31.75804995
5320,117.3246589,31.75808057
5324,117.3244316,31.7580881
5328,117.3136681,31.75811783
5330,117.309829,31.75812686
5334,117.3097087,31.75812716
5339,117.3055431,31.75813761
5342,117.3008153,31.75813794
5344,117.3053565,31.75813808
5348,117.301421,31.75814147
5352,117.2964425,31.75814641
5355,117.3146131,31.75814657
5360,117.2943306,31.75815453
5363,117.2970636,31.75815836
5366,117.2858229,31.75816292
5369,117.2864226,31.75816578
5372,117.2768572,31.75819434
5374,117.300817,31.75820251
5377,117.2813495,31.75820386
5381,117.2775776,31.75820419
5385,117.2804017,31.75820566
5388,117.2755661,31.75820727
5390,117.2754482,31.7582106
5394,117.2964434,31.7582119
5398,117.2858237,31.75824504
5402,117.2768658,31.7582849
5408,117.2804023,31.75839409
5412,117.2752631,31.75845321
5414,117.2754693,31.75845997
